
=== LQR design at hover ===
Controllability: rank(C) = 12 / 12

C (controllability matrix)  shape=(12, 48)
[[   0.            0.            0.            0.            0.
     0.            0.            0.            0.            0.
     0.            0.            0.            0.         -326.88833333
     0.            0.            0.            0.            0.
     0.            0.            0.            0.            0.
     0.            0.            0.            0.            0.
     0.            0.            0.            0.            0.
     0.            0.            0.            0.            0.
     0.            0.            0.            0.            0.
     0.            0.            0.        ]
 [   0.            0.            0.            0.            0.
     0.            0.            0.            0.            0.
     0.            0.            0.          326.88833333    0.
     0.            0.            0.            0.            0.
     0.            0.            0.            0.            0.
     0.            0.            0.            0.            0.
     0.            0.            0.            0.            0.
     0.            0.            0.            0.            0.
     0.            0.            0.            0.            0.
     0.            0.            0.        ]
 [   0.            0.            0.            0.           -0.66445183
     0.            0.            0.            0.            0.
     0.            0.            0.            0.            0.
     0.            0.            0.            0.            0.
     0.            0.            0.            0.            0.
     0.            0.            0.            0.            0.
     0.            0.            0.            0.            0.
     0.            0.            0.            0.            0.
     0.            0.            0.            0.            0.
     0.            0.            0.        ]
 [   0.            0.            0.            0.            0.
     0.            0.            0.            0.            0.
  -326.88833333    0.            0.            0.            0.
     0.            0.            0.            0.            0.
     0.            0.            0.            0.            0.
     0.            0.            0.            0.            0.
     0.            0.            0.            0.            0.
     0.            0.            0.            0.            0.
     0.            0.            0.            0.            0.
     0.            0.            0.        ]
 [   0.            0.            0.            0.            0.
     0.            0.            0.            0.          326.88833333
     0.            0.            0.            0.            0.
     0.            0.            0.            0.            0.
     0.            0.            0.            0.            0.
     0.            0.            0.            0.            0.
     0.            0.            0.            0.            0.
     0.            0.            0.            0.            0.
     0.            0.            0.            0.            0.
     0.            0.            0.        ]
 [  -0.66445183    0.            0.            0.            0.
     0.            0.            0.            0.            0.
     0.            0.            0.            0.            0.
     0.            0.            0.            0.            0.
     0.            0.            0.            0.            0.
     0.            0.            0.            0.            0.
     0.            0.            0.            0.            0.
     0.            0.            0.            0.            0.
     0.            0.            0.            0.            0.
     0.            0.            0.        ]
 [   0.            0.            0.            0.            0.
    33.33333333    0.            0.            0.            0.
     0.            0.            0.            0.            0.
     0.            0.            0.            0.            0.
     0.            0.            0.            0.            0.
     0.            0.            0.            0.            0.
     0.            0.            0.            0.            0.
     0.            0.            0.            0.            0.
     0.            0.            0.            0.            0.
     0.            0.            0.        ]
 [   0.            0.            0.            0.            0.
     0.           33.33333333    0.            0.            0.
     0.            0.            0.            0.            0.
     0.            0.            0.            0.            0.
     0.            0.            0.            0.            0.
     0.            0.            0.            0.            0.
     0.            0.            0.            0.            0.
     0.            0.            0.            0.            0.
     0.            0.            0.            0.            0.
     0.            0.            0.        ]
 [   0.            0.            0.            0.            0.
     0.            0.           16.66666667    0.            0.
     0.            0.            0.            0.            0.
     0.            0.            0.            0.            0.
     0.            0.            0.            0.            0.
     0.            0.            0.            0.            0.
     0.            0.            0.            0.            0.
     0.            0.            0.            0.            0.
     0.            0.            0.            0.            0.
     0.            0.            0.        ]
 [   0.           33.33333333    0.            0.            0.
     0.            0.            0.            0.            0.
     0.            0.            0.            0.            0.
     0.            0.            0.            0.            0.
     0.            0.            0.            0.            0.
     0.            0.            0.            0.            0.
     0.            0.            0.            0.            0.
     0.            0.            0.            0.            0.
     0.            0.            0.            0.            0.
     0.            0.            0.        ]
 [   0.            0.           33.33333333    0.            0.
     0.            0.            0.            0.            0.
     0.            0.            0.            0.            0.
     0.            0.            0.            0.            0.
     0.            0.            0.            0.            0.
     0.            0.            0.            0.            0.
     0.            0.            0.            0.            0.
     0.            0.            0.            0.            0.
     0.            0.            0.            0.            0.
     0.            0.            0.        ]
 [   0.            0.            0.           16.66666667    0.
     0.            0.            0.            0.            0.
     0.            0.            0.            0.            0.
     0.            0.            0.            0.            0.
     0.            0.            0.            0.            0.
     0.            0.            0.            0.            0.
     0.            0.            0.            0.            0.
     0.            0.            0.            0.            0.
     0.            0.            0.            0.            0.
     0.            0.            0.        ]]

Open-loop eigenvalues (A)
-------------------------
  idx           Re(lambda)        Im(lambda)
    0    0.000000e+00    0.000000e+00
    1    0.000000e+00    0.000000e+00
    2    0.000000e+00    0.000000e+00
    3    0.000000e+00    0.000000e+00
    4    0.000000e+00    0.000000e+00
    5    0.000000e+00    0.000000e+00
    6    0.000000e+00    0.000000e+00
    7    0.000000e+00    0.000000e+00
    8    0.000000e+00    0.000000e+00
    9    0.000000e+00    0.000000e+00
   10    0.000000e+00    0.000000e+00
   11    0.000000e+00    0.000000e+00

Closed-loop eigenvalues (A - B K_inf)
-------------------------------------
  idx           Re(lambda)        Im(lambda)
    0   -1.053334e+02    0.000000e+00
    1   -1.053334e+02    0.000000e+00
    2   -8.330932e+01    0.000000e+00
    3   -3.396741e+00    2.550058e+00
    4   -3.396741e+00   -2.550058e+00
    5   -3.396741e+00    2.550058e+00
    6   -3.396741e+00   -2.550058e+00
    7   -2.432743e+00    0.000000e+00
    8   -2.432743e+00    0.000000e+00
    9   -2.000577e+00    0.000000e+00
   10   -1.171159e+00    9.644253e-01
   11   -1.171159e+00   -9.644253e-01

K_inf  shape=(4, 12)
[[ 5.89894309e-16 -1.60950760e-16 -3.46410162e+00  1.72053702e-16
   4.28800663e-16 -3.52518735e+00  8.14183814e-17 -2.65152740e-16
   5.02650136e-17  3.29219912e-17 -2.25145241e-17  7.51897996e-18]
 [ 7.57375536e-16  1.41421356e+01 -3.80840743e-14  8.84623805e-16
   1.12729455e+01 -3.30317312e-14  3.01919119e+01 -3.50813460e-15
  -2.06755532e-16  3.43678843e+00  1.52305498e-16  1.07972811e-16]
 [-1.41421356e+01  5.56034522e-15  4.63751149e-14 -1.12729455e+01
   2.81748073e-15  2.25895725e-14  1.43894466e-14  3.01919119e+01
  -1.34269544e-16  1.52305498e-16  3.43678843e+00 -1.42581659e-16]
 [ 2.56798328e-14 -8.03060121e-14 -1.11014285e-14 -7.19812871e-15
  -3.58290955e-14 -9.43005404e-15 -8.80632582e-14 -2.13324747e-14
   1.00000000e+01  1.34966014e-16 -1.78227073e-16  5.11859356e+00]]

P_inf  shape=(12, 12)
[[ 7.97117622e+00 -5.82102470e-16 -8.23884419e-17  2.17698252e+00
  -2.45218475e-16 -8.87790936e-16  2.02456182e-16 -2.43017640e+00
   6.63668126e-18  1.13606330e-18 -2.12132034e-02  3.08157993e-17]
 [-5.82102470e-16  7.97117622e+00  6.77067397e-15  6.27312003e-17
   2.17698252e+00  2.42230894e-16  2.43017640e+00 -3.04893981e-16
  -7.51309913e-16  2.12132034e-02  8.34051782e-18 -9.63672145e-17]
 [-8.23884419e-17  6.77067397e-15  1.22116072e+01 -6.77299503e-17
   6.33251341e-16  5.21347293e+00  2.69188895e-15  2.73453001e-16
  -2.10895951e-17 -5.71261115e-17  6.95626724e-17 -1.33217142e-17]
 [ 2.17698252e+00  6.27312003e-17 -6.77299503e-17  1.48750210e+00
  -2.94936301e-17 -2.58940821e-16  1.58192146e-16 -1.91592323e+00
  -9.43197881e-18  1.32693571e-18 -1.69094183e-02 -8.63775445e-18]
 [-2.45218475e-16  2.17698252e+00  6.33251341e-16 -2.94936301e-17
   1.48750210e+00 -6.45344998e-16  1.91592323e+00 -1.09706101e-16
  -3.34221103e-16  1.69094183e-02  4.22622110e-18 -4.29949146e-17]
 [-8.87790936e-16  2.42230894e-16  5.21347293e+00 -2.58940821e-16
  -6.45344998e-16  5.30540697e+00 -1.22534664e-16  3.99054875e-16
  -7.56488455e-17 -4.95475968e-17  3.38843588e-17 -1.13160648e-17]
 [ 2.02456182e-16  2.43017640e+00  2.69188895e-15  1.58192146e-16
   1.91592323e+00 -1.22534664e-16  5.02233593e+00 -4.81346451e-16
  -8.68177231e-17  4.52878678e-02  2.15841698e-17 -1.05675910e-16]
 [-2.43017640e+00 -3.04893981e-16  2.73453001e-16 -1.91592323e+00
  -1.09706101e-16  3.99054875e-16 -4.81346451e-16  5.02233593e+00
  -1.40897379e-17 -5.26220190e-18  4.52878678e-02 -2.55989696e-17]
 [ 6.63668126e-18 -7.51309913e-16 -2.10895951e-17 -9.43197881e-18
  -3.34221103e-16 -7.56488455e-17 -8.68177231e-17 -1.40897379e-17
   1.02371871e+00 -3.10133298e-19 -2.01404316e-19  1.20000000e-02]
 [ 1.13606330e-18  2.12132034e-02 -5.71261115e-17  1.32693571e-18
   1.69094183e-02 -4.95475968e-17  4.52878678e-02 -5.26220190e-18
  -3.10133298e-19  5.15518265e-03  2.28458246e-19  1.61959216e-19]
 [-2.12132034e-02  8.34051782e-18  6.95626724e-17 -1.69094183e-02
   4.22622110e-18  3.38843588e-17  2.15841698e-17  4.52878678e-02
  -2.01404316e-19  2.28458246e-19  5.15518265e-03 -2.13872488e-19]
 [ 3.08157993e-17 -9.63672145e-17 -1.33217142e-17 -8.63775445e-18
  -4.29949146e-17 -1.13160648e-17 -1.05675910e-16 -2.55989696e-17
   1.20000000e-02  1.61959216e-19 -2.13872488e-19  6.14231227e-03]]

P is positive definite? True  (lambda_min = 4.746e-03)
P is PD (Cholesky): True

Saved LQR artifact -> Artifacts\lqr_hover_.npz
Figure saved -> Artifacts\lqr_hover__P_diagonals.pdf
Figure saved -> Artifacts\lqr_hover__K_row_0.pdf
Figure saved -> Artifacts\lqr_hover__K_row_1.pdf
Figure saved -> Artifacts\lqr_hover__K_row_2.pdf
Figure saved -> Artifacts\lqr_hover__K_row_3.pdf

Full log written to -> Artifacts\lqr_hover__report.txt

